public/data/weather/current/current-wind-surface-level-gfs-1.0.json
{"header": { "discipline":0, "disciplineName":"Meteorological products", "gribEdition":2, "gribLength":74135, "center":7, "centerName":"US National Weather Service - NCEP(WMC)", "subcenter":0, "refTime":"2017-11-01T00:00:00.000Z", "significanceOfRT":1, "significanceOfRTName":"Start of forecast", "productStatus":0, "productStatusName":"Operational products", "productType":1, "productTypeName":"Forecast products", "productDefinitionTemplate":0, "productDefinitionTemplateName":"Analysis/forecast at horizontal level/layer at a point in time", "parameterCategory":2, "parameterCategoryName":"Momentum", "parameterNumber":2, "parameterNumberName":"U-component_of_wind", "parameterUnit":"m.s-1", "genProcessType":2, "genProcessTypeName":"Forecast", "forecastTime":0, "surface1Type":103, "surface1TypeName":"Specified height level above ground", "surface1Value":10.0, "surface2Type":255, "surface2TypeName":"Missing", "surface2Value":0.0, "gridDefinitionTemplate":0, "gridDefinitionTemplateName":"Latitude_Longitude", "numberPoints":65160, "shape":6, "shapeName":"Earth spherical with radius of 6,371,229.0 m", "gridUnits":"degrees", "resolution":48, "winds":"true", "scanMode":0, "nx":360, "ny":181, "basicAngle":0, "lo1":0.0, "la1":90.0, "lo2":359.0, "la2":-90.0, "dx":1.0, "dy":1.0 }, "data":
[rows 130 to 155 of 181, columns 228 to 284 of 360]
8.627791,8.2577915,8.447792,8.807792,6.7377915,5.4277916,5.777792,6.0777917,6.5577917,7.247792,7.8477917,8.527792,9.167791,9.427792,9.697792,9.287792,9.7977915,9.627791,7.567792,6.3277917,5.377792,4.2577915,4.4677916,4.747792,6.247792,5.9077916,5.0777917,3.5177917,0.76779175,-4.7622085,-6.602208,-5.832208,-4.5922084,-3.4422083,-3.0822082,-2.6022081,-1.8922082,-0.68220824,-0.12220825,0.77779174,1.2177918,1.6777917,2.4377918,3.5277917,4.607792,5.837792,7.1377916,10.027792,10.777792,12.617792,10.077792,9.777792,11.777792,11.267792,8.637792,6.5177917,4.5377917
8.817792,7.567792,7.547792,7.6777916,6.4477916,5.607792,6.457792,6.7577915,7.0377917,7.547792,7.9277916,8.657792,8.927792,9.217792,9.737792,10.5477915,9.607792,9.907792,7.797792,6.0377917,5.5377917,5.1177917,4.797792,6.0077915,5.707792,5.4677916,4.3077917,1.3977917,-4.7422085,-7.0722084,-6.812208,-4.8822083,-3.5622082,-3.2822082,-2.9422083,-2.2722082,-2.0422082,-1.5722083,-0.55220824,0.017791748,0.34779176,1.1177918,1.9077917,2.7677917,3.8177917,4.937792,6.357792,7.647792,8.477792,5.777792,5.777792,5.5977917,6.5577917,5.567792,2.9877918,1.2977917,0.12779175
9.207791,7.5777917,6.797792,6.7377915,6.6777916,6.397792,6.977792,7.437792,7.777792,7.8877916,8.367792,8.927792,9.5477915,10.147792,11.147792,12.167791,12.107792,9.637792,8.477792,6.747792,5.917792,5.0177917,4.207792,4.957792,5.3077917,4.707792,1.3677918,-4.7622085,-7.182208,-7.3822083,-5.252208,-4.1922083,-3.4122083,-3.3022082,-2.6322083,-2.4722083,-2.3522081,-2.0822082,-1.0822083,-0.91220826,-0.48220825,0.20779175,1.0277917,1.5077918,2.4677918,2.8877916,4.527792,3.8777916,2.9577918,1.4277917,0.0077917483,-0.30220824,-2.2822082,-4.252208,-5.312208,-3.9922082,-3.9822083
8.7577915,8.057792,6.567792,6.647792,7.107792,7.127792,7.3277917,7.547792,7.8677917,7.9477916,9.347792,10.107792,11.117792,12.417791,14.397792,16.207792,14.7977915,11.157792,6.837792,6.627792,6.457792,4.337792,3.9677918,4.417792,4.437792,-0.08220825,-4.812208,-7.222208,-7.8422084,-6.122208,-5.1122084,-3.9722083,-3.3222082,-3.0722082,-2.4422083,-2.4022083,-2.6622083,-2.3222082,-1.8622082,-1.9322083,-1.4922082,-0.7722083,-0.25220826,-0.32220826,0.12779175,0.51779175,1.3877918,-0.14220825,-1.2122083,-1.0722083,-2.6122084,-4.142208,-7.8222084,-8.512208,-8.502209,-7.6122084,-6.5922084
8.747791,7.777792,7.277792,6.627792,6.8277917,7.1177917,7.167792,7.2177916,7.7577915,8.817792,10.457791,11.617792,12.987792,15.717792,18.817791,19.887793,15.847792,10.577792,5.5777917,5.047792,5.047792,3.1477919,3.2177918,3.5277917,-0.8222082,-4.8622084,-7.0722084,-7.6722083,-6.582208,-5.162208,-4.2822084,-3.7522082,-3.3322082,-2.7022083,-2.0622082,-2.2122083,-2.9422083,-2.6322083,-2.8022082,-2.7022083,-2.1622083,-1.6922083,-2.1122084,-2.1122084,-2.0322082,-1.8622082,-1.5322082,-3.2522082,-4.9622083,-6.0722084,-4.412208,-5.292208,-9.112208,-9.972208,-9.392208,-9.512208,-7.5522084
8.7577915,7.1777916,6.587792,6.7177916,6.8077917,7.0377917,7.2377915,7.027792,8.217792,9.747791,10.917791,12.167791,14.0077915,16.947792,21.597794,14.427792,9.417791,5.957792,3.2677917,2.6077917,2.1477919,1.7977917,1.7277918,-0.56220824,-3.9122083,-5.852208,-7.2622085,-6.5722084,-5.1722083,-4.312208,-3.6122084,-3.3922083,-2.6722083,-2.3422081,-1.9722083,-2.0622082,-2.7822082,-2.9122083,-3.1922083,-3.1022081,-2.4122083,-2.2022083,-2.5222082,-3.3522081,-3.9322083,-4.062208,-3.9522083,-4.9922085,-7.1122084,-8.962208,-11.282208,-10.842208,-7.562208,-7.1722083,-8.042209,-9.442208,-10.842208
8.687792,6.207792,5.877792,6.167792,6.497792,6.6777916,6.8677917,7.167792,8.527792,9.267792,9.517792,10.857792,11.457791,14.217792,12.157792,-1.0422082,1.0277917,0.48779175,-0.072208256,0.51779175,0.15779175,-0.38220826,-1.2422082,-3.4622083,-5.292208,-5.792208,-5.642208,-4.892208,-3.9522083,-3.6222084,-2.8422081,-2.5622082,-1.9822083,-1.6022083,-1.3822082,-1.3422083,-1.9922082,-2.5622082,-2.8022082,-2.8922083,-2.4822083,-2.1822083,-2.3322082,-3.2822082,-4.2622085,-5.162208,-5.752208,-6.042208,-7.1122084,-8.612208,-10.322208,-11.802208,-13.552208,-14.312208,-13.362208,-12.002209,-8.822208
8.7977915,5.687792,5.6777916,5.8677917,6.147792,6.247792,6.4077916,7.0977917,7.667792,8.027792,7.6777916,8.267792,7.957792,8.967792,5.9077916,-3.8322082,-2.6122084,-1.6922083,-0.84220827,-1.3122083,-2.3422081,-2.3122082,-2.9522083,-4.7422085,-4.892208,-4.872208,-3.6922083,-3.3622084,-2.9922082,-2.5122082,-2.1422083,-1.4522083,-0.93220824,-0.49220824,0.067791745,0.20779175,-0.38220826,-1.2822082,-1.5422082,-1.4822083,-1.5122082,-1.3322083,-1.5322082,-2.4422083,-3.7522082,-4.852208,-5.7122083,-6.2422085,-7.162208,-7.9822083,-8.642208,-9.002209,-8.942208,-7.972208,-6.8822083,-5.912208,-3.5822082
8.097792,5.6177917,5.1577916,5.147792,5.4477916,5.7177916,5.857792,6.437792,6.047792,6.337792,5.917792,5.627792,4.7577915,4.6577916,3.2877917,-2.6922083,-2.0022082,-1.5322082,-1.9822083,-2.9122083,-3.5422082,-2.9422083,-3.5022082,-4.102208,-3.6522083,-3.2622082,-2.6922083,-2.2222083,-1.8022083,-1.2122083,-0.55220824,0.12779175,0.52779174,1.0077918,1.8177917,2.4177918,2.2077918,1.7277918,0.94779176,0.87779176,0.59779173,0.26779175,-0.19220825,-1.1422082,-2.1122084,-3.1522083,-4.2422085,-5.2322083,-5.912208,-6.502208,-7.0322084,-7.352208,-6.972208,-6.3022084,-5.1922083,-3.6122084,-0.5822083
6.0177917,5.227792,3.4577918,3.9477918,4.357792,4.7577915,4.837792,5.067792,4.3877916,4.8677917,4.5077915,3.8477917,2.8177917,0.50779176,0.28779176,-0.85220826,-1.1222082,-1.0322082,-2.1122084,-3.6622083,-3.3622084,-2.8622084,-3.1322083,-3.2722082,-2.5322082,-1.7622082,-0.93220824,-0.21220826,-0.29220825,0.17779174,1.0777917,1.7977917,2.3677917,2.9077919,3.5277917,4.067792,4.5777917,4.5177917,4.247792,3.9677918,3.4877918,2.7877917,1.9377917,0.96779174,0.16779175,-0.56220824,-1.4922082,-2.3922083,-3.2522082,-3.9122083,-4.372208,-4.702208,-4.8622084,-4.772208,-4.3622084,-3.2422082,-1.2222083
3.9577918,3.2677917,1.3677918,3.1877918,3.7177918,3.9177918,3.9777918,3.8977919,3.2677917,3.7477918,3.4977918,2.7677917,2.7277918,-0.17220825,-1.5122082,-1.9522083,-1.9922082,-1.6622082,-0.39220825,-2.9422083,-2.5522082,-2.0322082,-2.0322082,-1.7522082,-1.2722082,-0.15220825,0.59779173,1.1777917,1.8677918,1.7877917,2.4777918,3.5177917,4.187792,4.7677917,5.2377915,5.7377915,5.9077916,6.2677917,6.6377916,6.5777917,6.377792,6.0077915,5.437792,4.587792,3.5577917,2.5277917,1.6077918,0.8677918,0.35779175,-0.16220826,-0.7722083,-1.3122083,-1.5522083,-1.6722083,-1.7922082,-1.9522083,-1.2322083
4.0977917,2.6677918,2.6877918,3.1577919,3.4577918,3.8377917,3.6377916,3.5277917,2.5377917,2.9377918,2.9177918,2.5477917,2.7677917,1.3677918,-0.90220827,-2.4622083,-2.1622083,-1.0022082,-1.0822083,0.057791747,-1.5722083,-0.91220826,-0.56220824,-0.08220825,0.47779176,1.3377918,2.0677917,2.7277918,3.3477917,3.8277917,3.9177918,4.5577917,5.5577917,6.087792,6.5977917,6.917792,7.227792,7.5777917,7.8477917,7.8877916,7.7877917,7.7377915,7.477792,7.087792,6.587792,5.8877916,5.2677917,4.5977917,3.8777916,3.5477917,3.1877918,2.8177917,2.3777916,1.8877918,1.4877918,0.99779177,0.31779176
3.7877917,3.1177917,3.1377916,3.5477917,3.5977917,3.9177918,3.8777916,3.8677917,2.9277918,2.6977918,3.2377918,2.9777918,2.3877916,2.7377918,1.2677917,0.29779175,-1.6722083,-1.6822083,-0.73220825,-0.38220826,0.18779175,0.37779176,0.95779175,1.8377918,2.0377917,2.7177918,3.3377917,3.8177917,4.817792,5.107792,5.9677916,5.9077916,6.167792,6.837792,7.497792,7.667792,8.2977915,8.787792,9.037792,9.097792,8.837791,9.027792,9.317792,9.107792,8.717792,8.497791,8.357792,8.087791,7.4277916,6.997792,6.4877915,5.9477916,5.587792,5.187792,4.817792,4.377792,3.5377917
5.3277917,3.7377918,3.2677917,3.6577919,4.1777916,4.1177917,4.0077915,3.8177917,3.7677917,3.2577918,3.3777916,3.7477918,3.1477919,2.8177917,3.0577917,1.9077917,1.7677917,0.33779174,-1.1322082,-0.24220826,0.70779175,0.87779176,1.6077918,2.5477917,3.2877917,4.187792,4.667792,5.247792,5.6777916,6.727792,7.047792,7.607792,7.2677917,7.7377915,8.277792,8.497791,9.087791,9.677792,9.717792,9.917791,10.577792,10.767792,10.777792,10.897792,10.837791,10.7577915,10.677792,10.307792,9.917791,9.5077915,9.117792,8.717792,8.267792,7.797792,7.4277916,6.9877915,6.4877915
5.377792,4.897792,3.8277917,3.5177917,4.047792,3.9277918,3.6277916,3.8077917,3.8777916,4.0177917,4.0577917,4.167792,4.397792,4.047792,3.8977919,3.7977917,3.0777917,2.5877917,2.2977917,1.1277918,0.62779176,1.3177917,2.0477917,2.8977919,4.2577915,5.0977917,5.7377915,6.227792,6.687792,7.4277916,8.037792,8.5077915,9.057792,9.287792,9.497791,10.2577915,10.227792,10.337791,11.2577915,11.357792,11.027792,11.057792,11.447792,11.987792,12.217792,12.287792,12.137792,11.857792,11.647792,11.397792,11.137792,10.897792,10.717792,10.467792,10.207791,9.877791,9.517792
2.6077917,2.6977918,3.3877916,3.5977917,3.1577919,3.1077917,3.2277918,4.1577916,4.5077915,4.4077916,4.417792,4.6577916,4.8877916,5.277792,5.4277916,5.397792,5.107792,4.6577916,4.107792,3.6377916,3.2577918,2.8177917,2.7577918,3.0477917,3.3777916,4.547792,6.2377915,7.3277917,8.137792,8.777792,9.227792,9.667791,10.107792,10.387792,10.467792,10.687792,10.967792,11.637792,11.967792,11.637792,11.737792,11.927792,12.147792,12.2977915,12.477792,12.557792,12.387792,12.217792,11.917791,11.807792,11.867792,11.867792,12.157792,12.387792,12.427792,12.137792,12.067792
1.7877917,1.6377918,1.4377917,1.4377917,1.5277917,1.8777918,2.5577917,3.3377917,3.9677918,4.5077915,4.6377916,4.897792,5.2377915,5.397792,5.627792,6.147792,6.4877915,6.3477917,5.9077916,5.6577916,5.2877917,5.1177917,4.687792,4.567792,4.5577917,4.567792,4.8477917,5.9077916,7.8277917,9.347792,10.147792,10.657792,10.957791,11.287792,11.407792,11.267792,11.2577915,11.227792,11.527792,12.0477915,12.287792,12.647792,12.787792,12.927792,12.987792,12.937792,12.827792,12.717792,12.667791,12.857792,13.157792,13.127791,13.097792,13.167791,13.217792,13.327792,13.657792
0.9877918,0.71779174,0.74779177,0.51779175,0.62779176,1.1977917,2.0077918,2.7077918,3.0977917,3.5977917,4.127792,4.707792,5.127792,5.6577916,5.8277917,5.9277916,6.3677917,6.837792,7.0777917,6.837792,6.817792,6.6977916,6.7677917,6.6577916,6.187792,5.997792,6.2377915,6.527792,6.627792,6.8277917,7.8677917,9.217792,10.207791,10.907792,11.537792,11.677792,11.587791,11.387792,11.377791,11.587791,11.787792,12.037792,12.2577915,12.327792,12.377791,12.397792,12.607792,12.787792,12.987792,13.177792,13.587791,13.947792,14.117792,14.367792,14.567792,14.697792,14.777792
-5.542208,-3.5422082,-2.0422082,-1.8022083,-1.4122082,-0.43220824,0.56779176,1.6977917,2.7877917,3.6077917,4.127792,4.7377915,5.417792,5.8877916,6.3277917,6.2177916,6.6977916,7.207792,7.5377917,7.7377915,7.817792,8.037792,8.017792,7.917792,7.8277917,7.8077917,7.777792,7.9677916,8.137792,7.6377916,7.5577917,7.1577916,7.167792,7.477792,8.037792,8.857792,8.987792,8.767792,8.857792,8.957791,9.267792,9.697792,10.2577915,10.687792,11.0477915,11.177792,11.387792,11.727792,12.197792,12.7577915,13.247791,13.747791,14.067792,14.307792,14.537792,14.807792,15.137792
-1.0222082,-0.47220826,-0.65220827,-0.28220826,0.41779175,1.3877918,2.1277916,2.7477918,3.2077918,3.4777918,3.7377918,4.2177916,4.5977917,5.2177916,5.7377915,6.8277917,7.3077917,7.7877917,8.107792,8.497791,9.067792,9.457791,9.687792,9.567792,9.197792,9.127791,9.317792,9.337791,9.287792,8.897792,9.467792,9.517792,9.057792,8.287792,7.6577916,7.397792,7.2877917,7.227792,7.2577915,7.3877916,7.727792,8.177792,8.647792,9.237792,9.657792,9.867792,10.317792,10.937792,11.637792,12.417791,13.197792,13.627791,13.917791,14.037792,14.057792,14.197792,14.657792
1.0977918,1.2077918,1.4977918,2.1577919,2.8177917,3.0477917,3.2277918,3.5977917,4.297792,4.8877916,5.207792,5.627792,5.647792,5.957792,6.3677917,6.877792,7.5177917,8.237792,8.977792,9.717792,10.267792,10.447792,10.457791,10.597792,10.557792,10.457791,10.197792,10.317792,10.247791,9.867792,9.647792,9.737792,9.967792,10.187792,9.977792,9.437792,8.557792,8.407792,8.277792,8.417791,8.637792,9.077792,9.517792,10.097792,10.587791,11.167791,11.697792,12.157792,12.717792,13.397792,14.247791,14.557792,14.437792,13.997791,13.567792,13.727792,14.497791
1.6277918,2.3077917,3.3077917,4.067792,4.777792,5.047792,5.2577915,5.837792,6.9077916,6.607792,5.727792,5.5177917,5.797792,6.7377915,8.087791,9.2577915,10.037792,10.857792,11.317792,11.2577915,10.767792,10.657792,10.897792,11.107792,11.157792,11.057792,10.907792,10.667791,10.337791,10.197792,10.397792,10.307792,9.827792,9.817792,10.037792,9.987792,9.827792,9.357792,9.017792,9.597792,10.117792,10.487792,10.667791,10.947792,11.217792,12.277792,12.727792,13.577792,14.217792,13.817792,14.137792,15.237792,15.597792,15.327792,14.957791,14.597792,14.367792
3.5577917,3.8877916,4.0377917,4.477792,4.857792,5.1177917,5.497792,5.6377916,5.7577915,6.0177917,6.7377915,7.5977917,8.277792,9.137792,9.967792,10.787792,11.577792,12.127791,12.337791,12.187792,11.7977915,11.247791,10.737792,10.657792,10.637792,10.727792,10.707791,10.597792,10.2577915,9.567792,8.697792,8.567792,9.107792,8.887792,9.057792,9.2977915,9.567792,9.897792,10.437792,10.877791,11.187792,11.457791,11.767792,12.157792,13.107792,14.097792,14.887792,14.737792,14.2577915,14.137792,14.247791,14.347792,14.357792,14.347792,14.247791,14.207791,13.987792
3.3577917,1.9177917,1.2677917,0.41779175,0.12779175,0.22779174,0.5377917,1.8877918,4.3877916,6.047792,6.147792,5.377792,4.027792,4.9477916,6.277792,6.817792,7.247792,9.157792,11.267792,11.527792,10.807792,10.887792,10.137792,9.537792,9.037792,9.377791,9.947792,10.127791,9.967792,9.337791,8.737792,8.2577915,7.8677917,7.7377915,8.137792,8.647792,9.287792,9.847792,10.517792,11.207791,11.807792,12.527792,13.607792,14.557792,15.337791,15.647792,15.357792,15.117792,14.857792,14.637792,14.087791,12.957791,13.7977915,14.567792,13.497791,12.167791,11.477792
3.3477917,1.0877918,0.43779173,-0.68220824,-0.9622083,-1.2822082,-1.9322083,-2.4522083,-3.2622082,-3.8722084,-3.8422081,-2.6422083,-2.7322083,-3.1522083,-3.2322083,-2.7622082,-1.7922082,-1.2522082,-1.2322083,1.0577917,5.2377915,7.1577916,7.9677916,8.137792,8.227792,7.897792,7.6777916,6.8477917,5.3477917,4.687792,5.6377916,5.4477916,5.4477916,6.357792,7.607792,9.0077915,9.817792,10.337791,11.267792,12.017792,12.697792,13.617792,14.0077915,14.5077915,14.867792,14.607792,14.377791,13.617792,13.017792,12.237792,11.717792,11.657792,11.577792,11.447792,11.157792,10.827792,10.7977915
2.1777918,-0.54220825,-1.3622082,-1.7422082,-2.0822082,-2.5422082,-3.1922083,-3.9322083,-4.392208,-5.1722083,-5.8822083,-6.452208,-7.4922085,-7.222208,-7.352208,-7.222208,-7.1722083,-7.3622084,-7.0922084,-7.2122083,-7.6922083,-8.462208,-8.412209,-8.832209,-8.272208,-8.562208,-7.2122083,-6.522208,-5.682208,-4.2122083,-2.5722082,-0.56220824,1.1677917,3.4377918,5.187792,6.4677916,6.9677916,7.3877916,7.107792,6.3877916,6.027792,5.7877917,6.417792,6.857792,7.0777917,6.8277917,6.917792,6.997792,7.5077915,8.067792,8.647792,9.057792,9.087791,8.867792,8.387792,7.647792,6.747792
