public/data/weather/current/current-wind-surface-level-gfs-1.0.json
{"header": { "discipline":0, "disciplineName":"Meteorological products", "gribEdition":2, "gribLength":74135, "center":7, "centerName":"US National Weather Service - NCEP(WMC)", "subcenter":0, "refTime":"2017-11-01T00:00:00.000Z", "significanceOfRT":1, "significanceOfRTName":"Start of forecast", "productStatus":0, "productStatusName":"Operational products", "productType":1, "productTypeName":"Forecast products", "productDefinitionTemplate":0, "productDefinitionTemplateName":"Analysis/forecast at horizontal level/layer at a point in time", "parameterCategory":2, "parameterCategoryName":"Momentum", "parameterNumber":2, "parameterNumberName":"U-component_of_wind", "parameterUnit":"m.s-1", "genProcessType":2, "genProcessTypeName":"Forecast", "forecastTime":0, "surface1Type":103, "surface1TypeName":"Specified height level above ground", "surface1Value":10.0, "surface2Type":255, "surface2TypeName":"Missing", "surface2Value":0.0, "gridDefinitionTemplate":0, "gridDefinitionTemplateName":"Latitude_Longitude", "numberPoints":65160, "shape":6, "shapeName":"Earth spherical with radius of 6,371,229.0 m", "gridUnits":"degrees", "resolution":48, "winds":"true", "scanMode":0, "nx":360, "ny":181, "basicAngle":0, "lo1":0.0, "la1":90.0, "lo2":359.0, "la2":-90.0, "dx":1.0, "dy":1.0 }, "data":
[rows 78 to 103 of 181, columns 228 to 284 of 360]
-5.4022083,-5.022208,-4.292208,-3.7422082,-3.4522083,-2.9222083,-0.7622082,1.5077918,0.37779176,-0.6322082,0.45779175,0.55779177,0.27779174,-0.62220824,-0.84220827,-5.1522083,-6.792208,-5.7422085,-4.832208,-4.332208,-3.4922082,-2.1022081,-1.0122082,-0.40220824,-0.112208255,0.26779175,0.17779174,-0.8922083,-2.9122083,-3.2422082,-2.9522083,-3.5922081,-5.3022084,-6.3222084,-6.7122083,-6.082208,-4.812208,-4.1522083,-3.6022081,-3.0722082,-2.3922083,-1.9922082,-1.7622082,-0.9622083,0.56779176,-0.002208252,-2.1622083,-3.5522082,0.037791748,-3.9922082,-3.1922083,-3.3822083,-2.8822083,-2.8522081,-3.6222084,-5.722208,-5.3622084
-4.852208,-4.6322083,-4.122208,-3.3422081,-3.1822083,-2.4322083,-0.37220824,1.1677917,0.64779174,1.6477917,4.3877916,2.8577917,0.9777917,0.93779176,2.1477919,2.2577918,1.8677918,-0.21220826,-2.3422081,-4.472208,-3.6622083,-2.3122082,-0.9622083,-0.73220825,-0.62220824,0.48779175,-2.4622083,-0.43220824,-0.19220825,-1.1322082,-2.3522081,-2.2722082,-2.4222083,-2.9922082,-3.8422081,-3.7722082,-4.722208,-4.122208,-4.162208,-3.6422083,-3.3222082,-2.7522082,-2.3822083,-1.8922082,-1.2022083,-1.4422083,-5.182208,-1.4722083,-1.7322083,-3.4722083,-2.4022083,-1.3722082,-2.1422083,-1.5022082,-1.7222083,-5.412208,-4.122208
-4.5522084,-4.332208,-4.452208,-3.9422083,-3.2422082,-2.3022082,-0.67220825,0.84779173,1.6177918,4.1977916,3.6977918,2.1877918,1.6977917,0.5477917,1.9377917,2.2677917,2.4377918,2.3277917,2.7477918,2.7877917,3.9077919,4.497792,4.5377917,3.9977918,2.4977918,3.7077918,4.9877915,2.8577917,3.0877917,0.75779176,-0.112208255,-0.16220826,-0.80220824,-0.69220823,-0.67220825,-1.1822083,-4.5922084,-3.8422081,-4.122208,-3.7422082,-3.0922081,-3.3822083,-3.4622083,-4.102208,-3.7622082,-3.2522082,-0.62220824,-1.9922082,-2.0422082,-2.6522083,-1.8122083,-0.72220826,-1.4122082,-0.23220825,-0.30220824,0.5477917,2.1377916
0.057791747,0.96779174,0.04779175,0.017791748,-1.9922082,-1.9422083,-0.81220824,2.1677918,3.9477918,2.0877917,1.8077917,0.7877917,0.7277917,0.19779176,0.44779176,1.5477917,1.5077918,2.1677918,2.2277918,2.4877918,2.8277917,3.2877917,3.3477917,3.1777918,3.4277918,3.6377916,4.027792,4.187792,3.7577918,3.7977917,2.3877916,2.3177917,-0.30220824,-0.55220824,-0.20220825,0.23779175,-0.38220826,-1.3522083,-2.4322083,-2.3922083,-1.6422082,-1.3622082,-1.9822083,-1.3322083,0.26779175,2.4177918,2.3377917,2.5077918,-1.1822083,-0.81220824,-0.67220825,1.8077917,1.3177917,-0.92220825,0.6177918,2.6477919,1.9177917
1.1577917,1.5877918,2.3377917,2.8977919,3.4877918,3.7977917,3.1977918,1.6377918,1.1777917,0.62779176,-0.46220824,-0.37220824,-0.65220827,-1.5122082,-0.6422083,0.11779175,0.69779176,1.0977918,1.3277917,1.4377917,1.7977917,1.9177917,1.9577918,1.8177917,2.2177918,2.7777917,2.6677918,2.6877918,2.8877916,3.5877917,3.2877917,3.2677917,3.2877917,2.5577917,1.8377918,1.1877917,1.3877918,1.0377917,-0.54220825,-0.49220824,-0.13220826,-0.48220825,-0.10220825,1.3077917,2.1277916,2.4277918,2.8977919,3.0377917,1.8177917,3.0677917,2.1977918,-0.15220825,-1.3622082,1.2477918,0.63779175,0.58779174,0.6777918
-0.25220826,0.44779176,1.1477917,1.8077917,2.4177918,1.8077917,1.2477918,0.45779175,-0.46220824,-1.4622083,-1.4022082,-1.7222083,-2.0122082,-2.8322082,-2.0122082,-0.9522083,-0.15220825,-0.112208255,0.20779175,0.41779175,0.44779176,0.35779175,0.7877917,0.57779175,0.7277917,1.3677918,1.5977918,2.2177918,2.6277916,2.4377918,2.2677917,2.4977918,1.5277917,1.3777918,0.82779175,0.56779176,0.81779176,0.50779176,1.0777917,-0.6422083,1.2677917,0.097791746,0.43779173,1.1077918,1.9477917,2.5277917,2.3777916,2.5377917,3.6377916,3.4377918,2.5877917,1.1377918,0.44779176,1.1077918,2.0877917,1.4177917,0.11779175
-0.8922083,-0.73220825,-0.21220826,0.32779175,0.43779173,0.45779175,-0.22220825,-1.3422083,-2.1822083,-2.3922083,-2.7422082,-2.9122083,-3.1822083,-3.5122082,-2.9922082,-1.9722083,-1.4722083,-1.2822082,-1.1722083,-0.7122083,-1.2122083,-1.0122082,-0.79220825,-1.0422082,-0.022208251,0.33779174,1.2677917,1.0677917,1.4677918,1.3777918,0.99779177,-0.10220825,-0.43220824,-0.14220825,-0.46220824,0.11779175,0.83779174,-0.19220825,-0.21220826,1.2977917,1.0377917,0.5377917,-0.08220825,0.94779176,2.3477917,0.65779173,0.42779174,1.2677917,2.5677917,2.6977918,2.8977919,3.1677918,2.4977918,3.1877918,3.5077918,1.1877917,1.3177917
-1.5722083,-1.1522082,-1.2622082,-0.98220825,-1.2722082,-1.3822082,-2.1722083,-2.7922082,-3.2522082,-3.5622082,-3.4422083,-3.7122083,-3.8122082,-3.8022082,-3.7222083,-3.3922083,-2.7922082,-2.5222082,-1.9522083,-2.2822082,-2.1822083,-2.0322082,-2.5822082,-1.4922082,-0.93220824,-0.86220825,-0.28220826,0.097791746,0.34779176,0.16779175,-1.2622082,-2.0422082,-1.7822082,-1.5322082,-1.2022083,-0.87220824,-0.12220825,-1.0022082,-0.50220823,0.59779173,0.62779176,0.50779176,0.35779175,0.34779176,0.7877917,0.017791748,0.59779173,1.3377918,1.6577917,2.2977917,2.8177917,3.1977918,3.1777918,3.4377918,3.4777918,0.12779175,0.9777917
-2.4622083,-2.4622083,-2.3522081,-2.3422081,-2.3922083,-2.7622082,-3.3922083,-3.9122083,-3.9722083,-3.9422083,-3.7822082,-4.472208,-4.5722084,-4.352208,-4.1922083,-3.9722083,-3.4822083,-3.3622084,-3.2922082,-3.3922083,-3.2922082,-3.5722082,-3.2922082,-2.4522083,-1.9622083,-2.6122084,-1.3022083,-1.2922082,-1.2122083,-1.4422083,-2.3222082,-2.6022081,-2.6122084,-2.6122084,-2.5022082,-1.8122083,-1.7322083,-1.5622083,-1.3622082,-0.5222083,-0.72220826,-0.37220824,-0.6322082,-0.28220826,-0.10220825,-0.13220826,0.88779175,1.2677917,1.6777917,2.6877918,2.9777918,4.0577917,3.5777917,3.4577918,3.9477918,-0.9522083,-1.1522082
-3.6022081,-3.3922083,-3.1022081,-3.1822083,-3.3822083,-3.9822083,-4.332208,-4.9622083,-4.542208,-4.4822083,-4.6322083,-4.5722084,-4.9622083,-5.1522083,-4.812208,-4.542208,-4.3822083,-4.3222084,-4.222208,-4.3822083,-4.6122084,-4.722208,-3.7722082,-3.5922081,-3.0722082,-3.0422082,-2.5022082,-2.8722084,-2.4622083,-2.7222083,-3.0922081,-3.4022083,-3.5722082,-3.8622084,-3.3922083,-2.7122083,-2.5022082,-2.6622083,-1.9222083,-1.1222082,-2.2522082,-1.6922083,-1.7122083,-1.1022083,-0.112208255,0.63779175,1.2077918,1.3977917,1.3577918,2.1277916,3.5277917,4.497792,4.817792,4.8677917,4.7177916,0.52779174,-0.78220826
-4.3422084,-4.332208,-4.142208,-4.252208,-4.222208,-4.932208,-5.1322083,-5.6122084,-5.412208,-5.3422084,-5.062208,-4.9922085,-5.1922083,-5.662208,-5.4622083,-5.312208,-5.292208,-5.222208,-5.392208,-5.4822083,-5.582208,-5.332208,-5.252208,-4.6522083,-3.4522083,-3.3222082,-3.8522081,-3.9922082,-4.082208,-3.7722082,-3.8222082,-3.9822083,-4.622208,-4.8222084,-4.2422085,-3.3922083,-3.3322082,-2.8222082,-2.1422083,-1.7622082,-2.3422081,-2.9422083,-2.2622082,-1.5422082,-0.12220825,0.82779175,1.3677918,1.2477918,0.99779177,1.8277917,2.9277918,4.187792,5.207792,6.0077915,-0.32220826,-0.14220825,1.5077918
-4.792208,-4.6922083,-4.772208,-5.0122085,-5.0922084,-5.432208,-5.772208,-5.892208,-5.8622084,-5.772208,-5.602208,-5.7122083,-5.792208,-6.0722084,-5.722208,-5.722208,-5.8422084,-5.6922083,-5.5922084,-6.0322084,-6.0722084,-6.0522084,-6.1922083,-5.912208,-4.252208,-3.6822083,-4.2622085,-4.912208,-4.8422084,-4.722208,-4.6922083,-4.9422083,-5.082208,-5.3022084,-4.702208,-3.8822083,-3.3822083,-2.9422083,-2.7522082,-2.0822082,-0.49220824,-4.6722083,-2.3222082,-1.5222082,-0.12220825,0.65779173,0.6777918,0.51779175,0.6777918,1.5377917,2.6177917,3.9377918,4.667792,1.2077918,0.14779174,0.70779175,0.30779174
-5.1122084,-4.9422083,-5.0522084,-5.0122085,-5.432208,-5.602208,-5.792208,-5.832208,-5.912208,-5.792208,-5.682208,-5.682208,-5.472208,-5.4622083,-5.562208,-5.872208,-6.0922084,-6.332208,-6.3422084,-6.3622084,-6.432208,-6.4422083,-6.272208,-6.452208,-4.8622084,-3.4522083,-4.0722084,-4.812208,-4.5122085,-4.9622083,-4.772208,-4.6922083,-4.602208,-4.312208,-4.082208,-3.6022081,-3.1822083,-2.8522081,-2.5622082,-2.6022081,-0.37220824,-3.8322082,-1.9322083,-1.5022082,-0.50220823,-0.04220825,-0.22220825,-0.002208252,0.39779174,1.5277917,2.7377918,3.9877918,1.9677918,0.0077917483,0.32779175,-0.36220825,-0.90220827
-5.082208,-5.002208,-5.3022084,-5.412208,-5.272208,-5.412208,-5.772208,-5.972208,-5.8822083,-5.7322083,-5.832208,-5.6122084,-5.222208,-5.542208,-5.4822083,-5.6922083,-6.412208,-6.662208,-6.872208,-6.8422084,-6.412208,-6.0722084,-6.102208,-6.0722084,-4.9022083,-4.1522083,-4.0922084,-4.5122085,-5.252208,-4.872208,-5.3622084,-4.852208,-5.0722084,-5.272208,-4.662208,-4.2322083,-3.8522081,-3.7222083,-3.3022082,-3.2922082,-4.162208,-1.4622083,-1.6522082,-1.0222082,-1.1622082,-1.2022083,-0.78220826,0.057791747,0.63779175,1.6277918,2.7077918,2.8177917,1.1277918,0.63779175,0.96779174,-0.99220824,-0.73220825
-5.5722084,-5.2622085,-5.2622085,-5.4822083,-5.752208,-5.7422085,-5.972208,-5.9022083,-5.812208,-5.752208,-6.0722084,-6.102208,-5.722208,-5.892208,-6.022208,-6.6122084,-6.832208,-7.1322083,-7.002208,-6.772208,-6.582208,-6.502208,-6.432208,-6.2422085,-5.332208,-4.582208,-4.872208,-4.9222083,-5.3222084,-5.272208,-5.0122085,-5.372208,-5.392208,-5.7622085,-5.312208,-4.722208,-4.722208,-4.2822084,-3.7422082,-3.3322082,-3.2822082,-3.0422082,-2.4222083,-2.2522082,-1.9322083,-1.6022083,-1.1922083,-0.23220825,0.74779177,1.7077918,3.1377916,2.9377918,2.4277918,0.38779175,0.49779174,-0.052208252,-1.1322082
-6.0722084,-5.8022084,-5.9022083,-5.9822083,-6.0922084,-6.1722083,-6.252208,-6.182208,-6.2122083,-6.2122083,-6.3022084,-6.432208,-6.4222083,-6.432208,-6.522208,-7.022208,-7.392208,-7.332208,-7.3222084,-7.1122084,-6.8622084,-6.6722083,-6.5522084,-6.3622084,-5.792208,-5.162208,-5.5522084,-5.542208,-5.812208,-5.6122084,-5.892208,-5.792208,-5.682208,-5.9022083,-5.4922085,-5.252208,-5.202208,-4.8222084,-3.7522082,-3.5122082,-3.5022082,-3.2222083,-3.1122084,-2.8922083,-2.2422082,-2.0422082,-1.6522082,-0.90220827,0.34779176,1.6677917,2.7377918,4.0777917,3.5377917,-0.40220824,0.63779175,-0.19220825,-1.1422082
-6.142208,-5.9622083,-6.292208,-6.252208,-6.272208,-6.372208,-6.352208,-6.182208,-6.0522084,-6.312208,-6.4022083,-6.4822083,-6.3822083,-6.722208,-6.8422084,-7.3022084,-7.582208,-7.812208,-7.702208,-7.4022083,-7.142208,-6.8822083,-6.9922085,-6.6122084,-5.772208,-5.7822084,-5.752208,-5.892208,-6.372208,-6.1922083,-6.142208,-6.0922084,-6.3022084,-5.8622084,-5.9622083,-5.662208,-5.4422083,-4.972208,-4.3822083,-4.0722084,-4.082208,-3.8122082,-3.5022082,-3.4622083,-3.1122084,-2.5022082,-2.0922081,-1.5622083,-0.30220824,0.6677917,1.1777917,3.5977917,1.4677918,0.70779175,0.13779175,-0.29220825,-0.59220827
-6.7122083,-6.9022083,-6.602208,-6.452208,-6.392208,-6.4422083,-6.4822083,-6.372208,-6.182208,-6.392208,-6.752208,-6.662208,-6.6322083,-6.952208,-7.2622085,-7.7322083,-7.8422084,-7.772208,-7.7322083,-7.3822083,-7.252208,-7.0922084,-6.872208,-6.6722083,-6.412208,-6.252208,-6.3422084,-6.4822083,-6.5322084,-6.4822083,-6.602208,-6.2822084,-5.9922085,-6.2822084,-5.9922085,-6.0322084,-5.9622083,-5.562208,-5.472208,-5.102208,-4.682208,-4.332208,-4.0922084,-3.9922082,-3.7422082,-3.4422083,-2.7022083,-1.9422083,-1.1022083,-0.37220824,0.08779175,1.6977917,1.3277917,-0.87220824,-0.34220827,0.43779173,0.68779176
-7.0922084,-7.1122084,-6.622208,-6.3622084,-6.4822083,-6.622208,-6.5722084,-6.5522084,-6.452208,-6.562208,-6.682208,-6.662208,-6.5922084,-6.9422083,-7.372208,-7.812208,-8.082209,-8.112208,-7.7422085,-7.5522084,-7.312208,-7.222208,-7.0322084,-6.852208,-6.6522083,-6.562208,-7.252208,-7.4822083,-7.0122085,-6.5522084,-6.562208,-6.4022083,-6.1522083,-6.042208,-6.3822083,-6.3222084,-6.1322083,-6.2822084,-6.022208,-5.662208,-5.2422085,-4.722208,-4.5722084,-4.392208,-4.272208,-4.022208,-3.5622082,-2.9222083,-2.1222084,-1.4922082,-0.92220825,-1.4022082,1.5277917,0.7977917,0.12779175,0.45779175,0.46779174
-7.5122085,-7.2422085,-6.892208,-6.622208,-6.502208,-6.4022083,-6.292208,-6.222208,-6.4822083,-6.7422085,-6.6522083,-6.352208,-6.292208,-6.6122084,-6.912208,-7.5322084,-8.062208,-7.892208,-7.722208,-7.562208,-7.432208,-7.3822083,-7.272208,-7.0722084,-6.832208,-6.9622083,-7.4622083,-7.5722084,-7.392208,-7.102208,-6.3422084,-6.332208,-6.142208,-6.4222083,-6.102208,-6.4222083,-6.312208,-6.332208,-6.2122083,-6.062208,-5.5722084,-5.1722083,-4.8422084,-4.682208,-4.6722083,-4.4822083,-4.162208,-3.6422083,-3.0622082,-2.6422083,-1.9822083,-1.2622082,-2.0522082,-0.97220826,-0.5222083,-1.5422082,-0.30220824
-7.522208,-6.622208,-5.952208,-5.872208,-5.7822084,-5.412208,-5.542208,-5.952208,-6.062208,-6.5722084,-6.832208,-6.912208,-6.7822084,-6.7322083,-7.082208,-7.2322083,-7.6522083,-8.012208,-8.002209,-8.132208,-7.972208,-7.832208,-7.5122085,-7.1522083,-6.702208,-7.182208,-7.562208,-7.6322083,-7.292208,-7.142208,-6.812208,-6.292208,-6.452208,-6.5522084,-6.5922084,-6.412208,-6.4022083,-6.4922085,-6.4822083,-5.9822083,-5.9422083,-5.412208,-5.202208,-4.9822083,-4.852208,-4.7122083,-4.582208,-4.1922083,-3.7322083,-3.3422081,-2.5222082,-2.5522082,-1.6322082,0.097791746,1.8077917,0.93779176,-0.33220825
-7.4222083,-6.892208,-6.3022084,-5.5922084,-4.852208,-4.602208,-4.812208,-5.4422083,-6.0522084,-6.5322084,-6.7622085,-6.792208,-6.6722083,-7.002208,-7.0922084,-7.4622083,-7.9222083,-8.142208,-8.2422085,-8.052208,-7.8622084,-7.7122083,-7.9022083,-7.432208,-7.0922084,-7.4622083,-7.2322083,-7.4022083,-7.042208,-6.9022083,-6.8622084,-6.622208,-6.5722084,-7.062208,-6.8022084,-6.4822083,-6.4922085,-6.682208,-6.642208,-6.222208,-5.9222083,-5.622208,-5.372208,-5.272208,-5.162208,-4.9822083,-4.7822084,-4.5522084,-4.182208,-3.8922083,-3.4422083,-3.1022081,-2.8422081,-2.5622082,0.76779175,-1.3922082,0.23779175
-6.9022083,-6.162208,-6.4222083,-6.352208,-6.432208,-6.3622084,-6.752208,-6.6122084,-6.1122084,-7.0722084,-7.722208,-7.292208,-6.752208,-6.6322083,-7.0522084,-7.3222084,-7.5722084,-7.452208,-7.872208,-8.232208,-8.162209,-8.212208,-7.9022083,-7.7122083,-7.2822084,-7.162208,-7.0122085,-6.752208,-6.5922084,-6.682208,-6.8222084,-6.852208,-7.0322084,-6.9622083,-6.912208,-6.6722083,-6.412208,-6.582208,-6.5322084,-6.3822083,-5.8422084,-5.6922083,-5.6122084,-5.4622083,-5.272208,-5.182208,-5.022208,-4.772208,-4.5522084,-4.1922083,-3.7222083,-3.5122082,-3.3722084,-2.5422082,0.9777917,3.4077919,-0.43220824
-6.452208,-6.9822083,-7.2622085,-6.602208,-6.472208,-6.5522084,-7.0122085,-7.6322083,-8.342208,-7.702208,-8.132208,-7.312208,-6.9822083,-6.8022084,-7.412208,-7.602208,-7.772208,-7.9222083,-8.002209,-8.152208,-8.2422085,-8.372209,-8.112208,-7.852208,-7.5322084,-7.432208,-7.022208,-6.832208,-6.522208,-6.6722083,-6.7422085,-6.9222083,-7.332208,-7.1122084,-7.1722083,-6.622208,-6.432208,-6.352208,-6.2122083,-5.952208,-5.892208,-5.772208,-5.642208,-5.7622085,-5.6122084,-5.352208,-5.102208,-4.972208,-4.792208,-4.6122084,-4.1922083,-3.7922082,-3.9322083,-3.2122083,-2.0722082,0.49779174,-0.17220825
-7.792208,-7.472208,-6.9622083,-6.7822084,-6.6722083,-6.642208,-6.8422084,-7.452208,-8.362208,-8.322208,-7.452208,-7.642208,-7.1922083,-7.4222083,-7.562208,-7.5722084,-7.392208,-7.542208,-7.5522084,-7.662208,-8.312208,-8.312208,-8.142208,-8.212208,-7.9622083,-7.7122083,-7.4222083,-6.9822083,-7.0522084,-7.4222083,-7.3822083,-7.3622084,-7.5122085,-7.1922083,-7.022208,-6.6322083,-6.372208,-6.062208,-6.042208,-5.8822083,-6.0122085,-6.0722084,-5.9422083,-5.752208,-5.6322083,-5.6322083,-5.352208,-5.0522084,-5.082208,-4.9622083,-4.682208,-4.252208,-3.9322083,-3.4322083,-1.8922082,0.32779175,3.6377916
-7.6922083,-7.472208,-7.142208,-7.2422085,-6.872208,-7.8222084,-8.332209,-8.322208,-7.9222083,-7.222208,-6.9922085,-7.062208,-7.2122083,-6.912208,-6.892208,-6.9022083,-7.062208,-7.252208,-7.792208,-8.342208,-8.672208,-8.722208,-8.522208,-8.482208,-8.132208,-8.082209,-8.282208,-8.252209,-7.952208,-7.7822084,-7.6722083,-7.4822083,-7.3822083,-7.1522083,-7.102208,-6.3422084,-6.142208,-5.6522083,-5.7622085,-5.852208,-6.0522084,-6.292208,-6.3222084,-6.1922083,-5.9022083,-5.5322084,-5.332208,-5.3422084,-5.0322084,-5.1122084,-5.1122084,-4.812208,-4.3422084,-3.9022083,-2.9122083,-1.7222083,0.52779174
