public/data/weather/current/current-wind-surface-level-gfs-1.0.json
{"header": { "discipline":0, "disciplineName":"Meteorological products", "gribEdition":2, "gribLength":74144, "center":7, "centerName":"US National Weather Service - NCEP(WMC)", "subcenter":0, "refTime":"2017-11-01T00:00:00.000Z", "significanceOfRT":1, "significanceOfRTName":"Start of forecast", "productStatus":0, "productStatusName":"Operational products", "productType":1, "productTypeName":"Forecast products", "productDefinitionTemplate":0, "productDefinitionTemplateName":"Analysis/forecast at horizontal level/layer at a point in time", "parameterCategory":2, "parameterCategoryName":"Momentum", "parameterNumber":3, "parameterNumberName":"V-component_of_wind", "parameterUnit":"m.s-1", "genProcessType":2, "genProcessTypeName":"Forecast", "forecastTime":0, "surface1Type":103, "surface1TypeName":"Specified height level above ground", "surface1Value":10.0, "surface2Type":255, "surface2TypeName":"Missing", "surface2Value":0.0, "gridDefinitionTemplate":0, "gridDefinitionTemplateName":"Latitude_Longitude", "numberPoints":65160, "shape":6, "shapeName":"Earth spherical with radius of 6,371,229.0 m", "gridUnits":"degrees", "resolution":48, "winds":"true", "scanMode":0, "nx":360, "ny":181, "basicAngle":0, "lo1":0.0, "la1":90.0, "lo2":359.0, "la2":-90.0, "dx":1.0, "dy":1.0 }, "data":
[rows 26 to 51 of 181, columns 290 to 347 of 360]
-8.692278,-4.292278,-10.172277,-10.722278,-11.432278,-10.912278,-12.212277,-8.752277,1.1877222,9.717722,11.337722,11.107722,11.077723,12.097722,12.787723,13.997723,16.787722,18.577723,19.447721,18.077723,19.177723,19.077723,17.327723,14.657722,13.477722,13.287723,12.027722,10.597722,5.347722,0.10772217,-2.2522779,-3.452278,-3.8922777,-4.8722777,-5.462278,-5.542278,-4.4522777,-3.7222779,-3.7822778,-4.382278,-4.862278,-5.292278,-5.902278,-6.362278,-6.802278,-7.982278,-8.712277,-8.692278,-6.172278,-3.5622778,0.31772217,-2.402278,-3.8422778,-0.9822778,1.3577222,3.2177222,3.9077222,3.4877222
-6.092278,-7.4722776,-2.7422779,-4.302278,-10.072278,-6.2022777,7.2777224,9.047722,8.087722,10.497723,11.067722,11.247723,12.417722,12.287723,12.477722,13.1177225,13.267722,15.197722,19.067722,17.727722,12.237722,16.967722,16.717722,16.897722,15.747723,11.237722,5.197722,1.5177221,0.10772217,2.1177223,6.0677223,3.9777222,1.3377222,0.31772217,-0.5922778,-1.3222778,-2.6222777,-3.5722778,-4.6422777,-5.4122777,-5.212278,-4.532278,-4.252278,-5.082278,-6.3522778,-6.902278,-7.692278,-8.282278,-8.552278,-8.072278,-7.332278,-5.092278,-2.2522779,-0.7122778,0.12772217,0.5377222,-1.6322778,-1.7922778
-11.042278,-3.7422779,0.20772217,2.2377222,4.197722,6.2977223,5.6077223,6.907722,8.057722,9.947722,10.937722,12.057722,11.8677225,11.497723,11.497723,11.667722,12.247723,12.917722,13.527722,17.047722,15.947722,9.917722,12.607722,11.347722,10.677722,12.607722,10.637722,1.3277222,2.4777222,5.917722,8.067722,7.1477222,6.517722,5.0077224,3.4677222,1.9977221,0.8277222,-0.42227784,-1.9722779,-2.9722779,-3.7922778,-5.042278,-4.8722777,-4.7222776,-5.272278,-6.272278,-7.022278,-7.362278,-7.572278,-7.482278,-6.902278,-5.552278,-3.8322778,-2.652278,-1.2322779,-2.3322778,-3.692278,0.23772217
-10.552278,0.75772214,6.6477222,6.387722,7.167722,8.1177225,5.287722,4.5677223,7.747722,11.8677225,12.3677225,11.807722,12.1177225,11.477722,10.767722,10.537723,10.797722,11.1177225,12.077723,12.537723,11.887722,10.487722,6.457722,0.86772215,-1.2122779,2.307722,2.8877223,1.2877221,6.197722,7.3577223,7.597722,7.537722,7.747722,7.037722,5.6277223,4.0677223,2.287722,0.62772214,-0.8622778,-2.1122777,-3.412278,-4.582278,-4.962278,-5.022278,-5.192278,-5.502278,-6.152278,-6.812278,-7.2422776,-7.192278,-6.302278,-4.962278,-3.3122778,-2.3022778,-1.3122778,-1.4822779,-1.0522778,0.9677222
-4.672278,2.4877222,4.3977222,6.537722,8.177722,4.557722,2.817722,9.817722,10.977722,11.077723,13.217722,12.857722,12.887722,12.597722,11.097722,10.227722,10.047722,10.727722,11.557722,12.287723,12.677722,12.957722,12.607722,9.427722,6.6277223,1.2877221,2.047722,5.937722,7.417722,8.967722,8.137722,7.217722,6.0077224,5.3977222,5.6477222,5.0477223,3.4477222,1.7177222,0.027722169,-1.4422778,-2.672278,-3.5922778,-4.312278,-4.8922777,-5.282278,-5.582278,-6.0122776,-6.402278,-6.3922777,-5.522278,-4.1622777,-3.1122777,-2.3022778,-1.5222778,-1.0822778,-0.6622778,0.017722167,1.2877221
0.8277222,2.3877223,3.1177223,5.7977223,5.687722,1.7377222,0.26772216,5.887722,12.307722,12.097722,12.627722,13.807722,12.567722,12.557722,11.347722,10.757722,10.167722,10.717722,11.797722,12.437722,12.577723,12.667722,12.287723,12.827723,13.007722,11.837722,11.287723,11.967722,11.237722,10.107722,9.397722,8.297722,6.7977223,5.3577223,3.9777222,3.3677223,2.9177222,1.4277222,-0.07227783,-1.5122778,-2.952278,-4.132278,-5.112278,-5.882278,-6.322278,-6.172278,-5.362278,-4.132278,-3.1322777,-2.7422779,-2.412278,-1.8122778,-0.8422778,0.11772217,0.7677222,1.0477222,1.4077221,2.1777222
0.79772216,1.2177222,1.6177222,2.4577222,4.0077224,5.0277224,5.6277223,4.2977223,6.747722,13.107722,12.477722,13.057722,13.417722,14.387722,11.757722,11.227722,10.857722,10.537723,11.3677225,11.637722,12.397722,12.227722,12.3677225,12.937722,12.847722,12.107722,11.767722,11.647722,11.947722,10.887722,9.697722,8.6177225,7.167722,5.517722,3.8977222,2.4077222,1.3477222,0.9677222,-1.0022779,-2.5822778,-3.7922778,-4.9522777,-6.2022777,-6.902278,-6.732278,-5.7222776,-4.612278,-3.442278,-2.432278,-1.9622779,-1.4422778,-1.1522778,-0.42227784,0.27772218,1.1977222,1.6877222,1.9077221,2.2277222
1.6577221,0.99772215,1.0077221,0.36772215,5.0877223,8.557722,11.817722,11.527722,7.3777223,10.907722,12.797722,12.257722,11.987722,13.3677225,13.377722,10.757722,9.647722,9.827723,10.687722,12.017722,12.627722,12.747723,12.557722,12.267722,12.407722,12.507722,12.557722,11.937722,11.857722,11.027722,9.757722,8.407722,6.917722,5.287722,3.5177221,1.8777221,0.35772216,-0.76227784,-1.5722778,-3.9822779,-5.4322777,-6.212278,-7.332278,-7.8522778,-7.4122777,-5.782278,-3.3722777,-1.7122779,-1.0922779,-0.9122778,-1.0222778,-0.9822778,-0.45227784,1.2477221,2.297722,2.057722,1.7077222,2.547722
1.0277221,0.9677222,2.1077223,1.5777222,7.227722,10.607722,12.317722,10.877722,6.387722,9.407722,10.697722,10.507722,11.137722,11.107722,10.327723,11.807722,12.287723,11.637722,11.077723,11.217722,12.037723,12.247723,11.527722,11.327723,12.167722,12.537723,12.507722,12.287723,11.297722,10.767722,9.637722,8.087722,6.3577223,4.677722,2.9077222,1.1777222,-0.42227784,-1.8722779,-3.0522778,-3.7422779,-5.382278,-7.4122777,-7.752278,-7.3522778,-6.9522777,-4.672278,-2.152278,-1.0422778,-1.1522778,-1.2322779,-1.7222779,-0.76227784,0.60772216,1.1077222,1.6477221,2.4677222,2.9777222,3.9477222
1.8077222,2.2177222,6.457722,10.037723,10.187722,11.497723,11.207722,11.877722,10.347722,6.207722,8.017722,7.197722,9.3677225,9.747723,10.607722,11.507722,12.247723,12.437722,12.707722,11.577723,11.437722,10.157722,9.797722,10.377722,11.657722,12.277722,12.417722,12.187722,11.217722,9.877722,8.507722,7.447722,5.657722,3.6477222,2.0177221,0.5377222,-0.9622778,-2.3622777,-3.702278,-5.022278,-5.6222777,-5.982278,-5.6622777,-5.862278,-4.812278,-3.462278,-2.8422778,-2.5122778,-2.6022778,-3.3022778,-1.8222778,-1.1622778,-0.28227782,0.67772216,1.4677222,2.6277223,3.837722,3.7777221
5.537722,8.017722,7.6077223,11.237722,11.347722,11.577723,12.507722,9.937722,8.717722,6.617722,6.417722,8.597722,5.0277224,9.217722,10.027722,12.717722,12.507722,12.507722,12.027722,9.257722,8.447722,7.657722,7.7977223,9.6177225,11.557722,12.1177225,12.127722,11.6177225,10.677722,9.327723,7.8377223,6.3777223,4.6077223,2.6877222,1.0277221,-0.16227783,-1.4022778,-2.6022778,-3.8122778,-5.1822777,-6.572278,-6.902278,-6.862278,-6.522278,-5.6622777,-5.092278,-4.612278,-4.882278,-5.032278,-2.922278,-2.3322778,-1.2322779,-0.51227784,-0.46227783,0.27772218,0.81772214,4.7377224,7.617722
4.967722,7.5277224,7.2777224,6.267722,7.217722,7.4877224,6.437722,4.8777223,5.3177223,5.5477223,6.907722,6.6077223,6.347722,5.9877224,6.387722,12.297722,11.037723,8.387722,7.0077224,6.8377223,6.6277223,6.6277223,8.807722,10.097722,11.357722,11.877722,11.477722,11.047722,9.857722,8.407722,6.747722,4.997722,3.547722,2.0277221,0.60772216,-0.9222778,-2.0522778,-3.0022779,-3.922278,-4.8922777,-5.842278,-6.652278,-6.582278,-6.402278,-6.6022778,-6.3522778,-6.902278,-5.7422776,-3.962278,-3.672278,-3.212278,-3.2722778,-3.3122778,-4.542278,3.9477222,6.747722,7.097722,8.007722
4.457722,4.447722,5.577722,5.157722,5.7777224,6.0077224,5.3977222,5.597722,4.227722,5.727722,4.667722,4.2977223,4.937722,7.717722,8.457722,8.277722,7.907722,7.2577224,6.3177223,6.417722,6.887722,8.427722,8.877722,10.477722,11.677722,11.647722,11.037723,9.887722,8.8677225,7.437722,5.827722,4.3177223,2.6777222,1.3977221,-0.27227783,-1.6622778,-2.7622778,-3.6122777,-4.462278,-4.962278,-5.672278,-6.4722776,-6.692278,-7.172278,-7.252278,-7.402278,-6.112278,-5.592278,-5.552278,-4.6622777,-4.752278,-5.4322777,-6.342278,4.5877223,7.0277224,6.907722,7.057722,7.097722
3.9977221,3.847722,4.3377223,3.577722,3.8777223,3.9877222,4.7577224,4.197722,3.547722,3.2277222,3.0177221,5.967722,7.6277223,6.467722,2.9077222,7.1477222,6.197722,6.017722,6.687722,6.8377223,7.537722,7.927722,9.607722,11.007722,11.227722,11.227722,10.677722,9.327723,8.237722,7.1277223,5.5277224,3.337722,2.0177221,0.8477222,-0.9122778,-2.0822778,-3.5322778,-4.6622777,-5.282278,-5.942278,-6.6622777,-6.962278,-7.212278,-7.522278,-7.302278,-6.582278,-6.9722776,-7.2222776,-6.632278,-5.332278,-6.312278,-6.532278,0.22772217,7.8377223,5.997722,6.3577223,6.1077223,6.907722
2.7677221,2.347722,1.8677222,1.7977222,5.957722,7.8177223,5.867722,6.0677223,6.617722,7.227722,7.3577223,7.0077224,7.827722,2.9277222,3.6777222,5.887722,6.597722,7.5877223,8.337722,7.5477223,7.8977222,9.167722,10.557722,11.727722,12.157722,11.107722,9.977722,8.887722,7.617722,6.117722,4.5677223,2.9177222,0.8877222,-0.8422778,-1.5622778,-2.6422777,-4.0122776,-5.1622777,-6.112278,-6.792278,-7.252278,-7.502278,-7.652278,-7.9522777,-7.532278,-7.652278,-8.832278,-9.262278,-5.792278,-5.2222776,-6.302278,-7.272278,6.477722,6.3977222,5.937722,5.8377223,6.0277224,6.767722
0.31772217,0.55772215,4.577722,6.177722,4.417722,3.6577222,5.697722,5.137722,3.9777222,5.437722,5.207722,5.8177223,2.317722,3.5077221,2.587722,2.567722,2.567722,6.7977223,6.917722,7.0877223,8.647722,11.167722,11.807722,12.037723,11.197722,10.017722,8.927722,7.537722,6.217722,4.597722,2.8777223,1.2777221,-0.28227782,-1.6922778,-2.8822777,-3.912278,-4.522278,-5.442278,-6.522278,-7.172278,-7.712278,-8.272278,-8.512278,-8.572278,-8.442278,-9.302278,-10.542278,-7.922278,-4.4522777,-5.292278,-6.252278,-5.942278,3.4277222,7.3577223,6.407722,5.7377224,6.187722,6.5277224
0.7877222,2.847722,2.6977222,2.0077221,3.287722,4.457722,5.787722,5.0077224,3.4477222,2.9477222,3.9977221,2.1677222,4.0477223,4.5077224,3.807722,4.307722,3.3677223,4.217722,6.267722,6.8177223,9.447722,11.1177225,12.027722,11.227722,9.977722,8.697722,7.707722,6.0277224,4.5677223,2.8577223,1.5777222,0.04772217,-1.4222778,-2.8322778,-3.8622777,-4.462278,-5.3922777,-5.772278,-6.2422776,-6.782278,-7.6822777,-8.202278,-8.532278,-8.892278,-9.322278,-10.002277,-11.102278,-6.3722777,-5.062278,-5.882278,-6.7222776,-4.112278,0.56772214,8.077723,7.997722,6.417722,6.407722,6.2777224
2.4777222,1.4677222,2.4977221,2.4477222,2.7577221,2.6977222,3.9877222,3.5277221,4.617722,3.8877223,3.3977222,7.137722,8.067722,7.6277223,6.347722,4.677722,3.537722,2.4277222,4.497722,7.3977222,9.827723,11.797722,11.377722,10.157722,9.157722,7.667722,5.597722,3.847722,3.037722,1.8977221,0.34772217,-0.89227784,-2.3622777,-3.9722779,-4.942278,-5.042278,-4.9922776,-6.032278,-6.3722777,-6.6822777,-7.4922776,-8.172277,-8.502277,-8.942278,-9.672277,-9.952278,-10.682278,-7.362278,-4.752278,-5.772278,-6.922278,-4.882278,-0.13227783,8.887722,8.517722,6.937722,5.5477223,4.7577224
1.3177222,1.7977222,2.4777222,2.2277222,2.587722,1.6077222,2.4777222,2.7077222,2.6577222,1.6777222,2.4377222,7.017722,7.3577223,6.717722,6.2977223,5.1477222,4.037722,3.1677222,4.0077224,7.557722,11.417722,10.877722,10.047722,8.847722,7.557722,6.347722,4.8777223,3.7477221,2.597722,1.0977222,-0.27227783,-1.5322778,-3.2822778,-4.592278,-5.322278,-5.302278,-5.4522777,-5.982278,-6.8722777,-7.112278,-7.4322777,-7.7622776,-8.212277,-8.822278,-9.442278,-9.272278,-9.462277,-7.382278,-5.502278,-5.9122777,-6.272278,-4.2022777,0.99772215,8.247723,8.007722,5.887722,3.537722,1.8377222
0.86772215,1.9277222,2.4677222,3.9877222,3.337722,1.8677222,1.0277221,0.79772216,2.327722,4.6277223,6.187722,6.5677223,5.827722,5.997722,5.207722,3.6677222,2.1977222,-0.22227784,6.927722,10.397722,10.067722,9.497723,8.357722,7.3977222,5.977722,4.787722,3.6177223,3.077722,1.6877222,0.5777222,-0.99227786,-2.4722779,-4.312278,-5.082278,-4.6622777,-4.6622777,-5.522278,-5.6422777,-6.8522778,-7.2022777,-7.042278,-7.572278,-8.182278,-8.422277,-8.932278,-9.122278,-8.982278,-7.4522777,-6.802278,-5.592278,-5.532278,-3.6122777,1.0277221,6.407722,6.8577223,4.4877224,1.6677222,-0.33227783
1.6177222,3.3777223,4.287722,3.1677222,1.1177222,0.6977222,1.9977221,3.2177222,4.697722,4.727722,4.637722,3.4977221,3.8777223,3.847722,3.2677221,1.5577222,-2.8922777,7.867722,10.1177225,9.667722,9.057722,8.197722,7.387722,6.0277224,4.477722,3.6477222,3.787722,2.4277222,0.45772216,-0.49227783,-1.8122778,-2.5822778,-3.2822778,-3.912278,-4.382278,-4.652278,-5.082278,-5.882278,-6.292278,-6.442278,-6.552278,-7.2222776,-8.112278,-8.332278,-8.3822775,-8.862278,-8.422277,-7.522278,-6.192278,-4.212278,-4.0122776,-2.712278,0.22772217,6.197722,5.4877224,2.797722,0.66772217,-0.5422778
0.40772218,0.18772216,0.44772217,0.7677222,1.5477222,1.2977222,2.4477222,3.9177222,3.2777221,3.327722,2.337722,1.4677222,1.6877222,0.97772217,0.24772216,-1.7222779,7.8777223,10.497723,9.597722,8.307722,8.067722,7.427722,6.0877223,4.617722,4.8977222,3.837722,2.5277221,1.0277221,0.07772217,-0.28227782,-1.0422778,-1.8322778,-2.7822778,-3.692278,-3.9922779,-4.4922776,-4.9322777,-5.332278,-5.7622776,-6.312278,-6.3922777,-6.922278,-7.6422777,-8.422277,-8.342278,-8.092278,-7.362278,-6.532278,-5.132278,-2.952278,-3.2822778,-1.9022778,0.49772218,6.247722,3.6077223,1.6077222,0.06772217,-0.15227783
-2.0022779,-1.2022778,1.4877222,2.7577221,0.8477222,1.6177222,2.8777223,2.547722,0.92772216,0.7777222,1.1277221,0.93772215,-0.95227784,-2.442278,-1.6922778,4.617722,10.727722,10.657722,8.797722,6.8977222,6.7577224,6.3577223,5.177722,4.767722,3.5177221,2.4277222,1.7877221,1.1377221,0.19772217,-0.6522778,-0.99227786,-0.99227786,-2.0322778,-2.8422778,-3.432278,-3.702278,-4.312278,-4.782278,-5.482278,-6.002278,-6.4722776,-6.6622777,-7.2622776,-7.522278,-7.6422777,-7.3522778,-6.292278,-5.2622776,-4.092278,-3.3222778,-2.8722777,-1.9422778,1.2077222,4.967722,1.7477221,0.26772216,-0.42227784,0.41772217
-2.7822778,-0.28227782,0.31772217,-1.1122779,0.15772218,1.9777222,1.9277222,1.3377222,0.86772215,0.55772215,0.11772217,-0.48227784,-3.3222778,-2.5722778,1.3577222,9.967722,9.847722,9.697722,8.397722,7.227722,6.0277224,4.037722,3.1977222,2.9577222,1.7177222,2.1377223,1.7977222,1.0777222,0.25772217,-0.29227784,-0.6722778,-1.8322778,-2.5422778,-3.0022779,-3.442278,-3.442278,-3.7822778,-4.362278,-5.2222776,-5.782278,-5.962278,-6.322278,-6.712278,-6.882278,-6.8522778,-6.502278,-5.9722776,-5.2222776,-4.502278,-4.042278,-3.4722779,-1.6822778,2.6877222,2.047722,0.45772216,-0.76227784,-0.37227783,1.3577222
-1.9922779,-2.172278,-2.4922779,0.26772216,1.1077222,0.91772217,0.32772216,-0.27227783,-0.5522778,-0.9222778,-1.3222778,-3.2922778,-4.442278,-2.3322778,9.447722,9.087722,7.907722,7.5477223,6.677722,5.5077224,4.557722,2.7477221,1.8177222,1.1977222,1.4477222,1.1377221,0.29772216,-0.022277832,-0.34227782,-0.7322778,-1.1922778,-1.7822778,-2.3122778,-2.3422778,-2.692278,-3.0822778,-3.2922778,-3.912278,-4.382278,-4.732278,-5.2422776,-5.6622777,-6.2022777,-6.4922776,-6.522278,-6.322278,-5.8722777,-5.5122776,-5.082278,-4.442278,-2.0122778,0.44772217,2.287722,0.45772216,-0.87227786,-1.0322778,-0.49227783,1.0277221
-3.0522778,-2.8922777,-1.0522778,-0.19227783,-0.6722778,-1.2722778,-1.4822779,-2.0822778,-2.5922778,-3.6022778,-3.8522778,-4.002278,-3.912278,10.147722,9.257722,8.717722,7.497722,6.037722,4.517722,3.2077222,2.6577222,1.9577222,0.7877222,0.66772217,0.26772216,-0.20227784,0.07772217,-0.032277834,-0.41227782,-0.83227783,-1.2922778,-1.5822778,-1.7322779,-1.7022778,-1.7822778,-2.1022778,-2.932278,-3.5122778,-3.7922778,-4.752278,-5.232278,-5.7222776,-5.842278,-5.862278,-6.4522777,-6.462278,-6.232278,-5.802278,-4.482278,-2.6022778,-0.77227783,1.1477221,-0.23227783,-1.0622778,-1.5122778,-1.4222778,-0.82227784,0.037722167
