public/data/weather/current/current-wind-surface-level-gfs-1.0.json
{"header": { "discipline":0, "disciplineName":"Meteorological products", "gribEdition":2, "gribLength":74144, "center":7, "centerName":"US National Weather Service - NCEP(WMC)", "subcenter":0, "refTime":"2017-11-01T00:00:00.000Z", "significanceOfRT":1, "significanceOfRTName":"Start of forecast", "productStatus":0, "productStatusName":"Operational products", "productType":1, "productTypeName":"Forecast products", "productDefinitionTemplate":0, "productDefinitionTemplateName":"Analysis/forecast at horizontal level/layer at a point in time", "parameterCategory":2, "parameterCategoryName":"Momentum", "parameterNumber":3, "parameterNumberName":"V-component_of_wind", "parameterUnit":"m.s-1", "genProcessType":2, "genProcessTypeName":"Forecast", "forecastTime":0, "surface1Type":103, "surface1TypeName":"Specified height level above ground", "surface1Value":10.0, "surface2Type":255, "surface2TypeName":"Missing", "surface2Value":0.0, "gridDefinitionTemplate":0, "gridDefinitionTemplateName":"Latitude_Longitude", "numberPoints":65160, "shape":6, "shapeName":"Earth spherical with radius of 6,371,229.0 m", "gridUnits":"degrees", "resolution":48, "winds":"true", "scanMode":0, "nx":360, "ny":181, "basicAngle":0, "lo1":0.0, "la1":90.0, "lo2":359.0, "la2":-90.0, "dx":1.0, "dy":1.0 }, "data":
[rows 130 to 155 of 181, columns 0 to 57 of 360]
13.187722,13.967722,14.147722,12.677722,12.987722,11.807722,7.5077224,-10.032278,-8.982278,-9.142278,-7.9322777,-6.552278,-4.2222776,-0.77227783,1.7177222,4.057722,5.427722,-4.332278,-5.8722777,-7.2422776,-6.712278,-6.302278,-5.422278,-7.072278,-6.6222777,-4.522278,-3.1022778,-4.1422777,-5.7222776,-7.6622777,-8.622278,-8.112278,-7.332278,-7.112278,-6.7622776,-5.562278,-4.422278,-4.882278,-4.302278,-3.1222777,-2.0522778,-1.0022779,-0.68227786,-0.35227785,1.0677222,1.1977222,1.2677221,1.3177222,1.4977221,2.2677221,2.9377222,3.6877222,4.347722,4.617722,4.327722,3.9877222,3.6177223,3.4277222
12.987722,13.677722,14.397722,13.587722,13.467722,13.707722,11.837722,-1.9222778,-8.782278,-8.872278,-8.202278,-7.2622776,-6.362278,-4.062278,-2.0422778,1.7377222,3.1777222,4.187722,-2.5422778,-5.4322777,-6.8522778,-6.482278,-4.072278,-3.8622777,-5.1022778,-5.8722777,-4.692278,-4.692278,-4.712278,-5.462278,-6.042278,-6.962278,-6.612278,-6.152278,-6.092278,-5.692278,-5.072278,-4.192278,-3.3422778,-2.4922779,-1.5422778,-0.70227784,-0.29227784,1.2077222,1.6077222,1.5677222,1.1477221,0.68772215,1.7277222,1.9377222,2.9277222,4.3377223,5.3577223,5.5877223,5.677722,5.307722,4.7977223,5.537722
12.667722,13.207722,13.677722,13.967722,13.637722,13.797722,13.937722,12.607722,-7.902278,-8.102278,-8.112278,-7.6422777,-6.6222777,-4.842278,-2.5022779,-0.64227784,-0.35227785,1.8577222,2.587722,-0.57227784,-3.942278,-5.592278,-5.4722776,-5.232278,-6.032278,-6.002278,-5.712278,-4.9722776,-5.1022778,-4.782278,-5.212278,-5.9322777,-6.092278,-5.792278,-5.4322777,-4.9522777,-4.592278,-3.912278,-2.9922779,-1.9922779,-1.6622778,-1.3922778,-0.35227785,1.1377221,1.1277221,0.73772216,-0.25227782,-0.22227784,0.45772216,0.97772217,1.8477222,3.9777222,4.807722,6.057722,6.287722,5.677722,3.6877222,5.497722
12.147722,12.457722,12.917722,13.277722,13.687722,13.947722,14.277722,13.637722,13.077723,-4.772278,-7.7422776,-8.112278,-7.552278,-6.632278,-5.2422776,-3.712278,-3.2422779,-2.8722777,-0.56227785,0.46772218,-0.9622778,-6.632278,-5.3922777,-3.3122778,-3.8722777,-4.272278,-5.082278,-5.132278,-4.4122777,-4.2622776,-4.302278,-4.3922777,-4.652278,-4.522278,-4.332278,-4.1022778,-3.922278,-3.8222778,-3.6022778,-3.2422779,-2.5722778,-1.7822778,-1.3122778,-1.0322778,-1.4322778,-1.5622778,-1.6222779,-1.4022778,-0.70227784,0.21772216,-0.052277833,1.1877222,1.8277222,2.537722,3.1877222,4.0877223,4.937722,4.907722
11.187722,11.817722,12.267722,12.657722,12.957722,13.327723,13.3677225,13.947722,13.567722,13.287723,4.977722,-6.342278,-7.2022777,-7.6022778,-6.862278,-6.2422776,-5.552278,-4.732278,-4.282278,-3.2222779,-2.6022778,-2.5822778,-4.9522777,-5.7222776,-4.782278,-4.782278,-4.822278,-4.562278,-3.8222778,-3.2622778,-3.2522779,-3.6322777,-4.0122776,-4.342278,-4.462278,-4.322278,-4.072278,-3.7622778,-3.4922779,-3.0122778,-2.6122777,-2.2422779,-1.7422779,-1.5722778,-1.7322779,-1.9622779,-2.162278,-2.5122778,-0.88227785,0.40772218,0.38772216,1.0977222,1.9577222,2.307722,2.827722,4.1077223,5.5077224,5.197722
10.1177225,10.717722,11.397722,12.027722,12.417722,12.767722,12.687722,12.057722,12.817722,12.957722,12.757722,13.097722,4.3377223,-5.032278,-6.382278,-7.382278,-7.2622776,-6.9922776,-6.042278,-5.302278,-4.712278,-4.4122777,-4.632278,-4.342278,-4.152278,-5.072278,-5.562278,-5.5122776,-5.252278,-4.822278,-4.6822777,-4.252278,-4.2622776,-4.312278,-4.382278,-4.502278,-4.252278,-3.952278,-3.5422778,-3.1322777,-2.7322779,-2.432278,-2.2922778,-2.192278,-2.2722778,-2.5122778,-2.8022778,-2.412278,-0.6022778,0.5277222,1.4877222,1.4877222,1.8077222,2.337722,2.537722,2.7677221,3.6377223,3.9177222
8.957722,9.777722,10.1177225,10.6177225,11.167722,11.607722,11.967722,11.587722,11.237722,11.417722,11.537723,12.097722,12.027722,12.027722,7.4877224,-3.8922777,-6.462278,-5.6222777,-6.332278,-6.612278,-6.1422777,-5.5122776,-4.942278,-4.462278,-4.6622777,-4.692278,-4.302278,-3.8122778,-3.6422777,-3.7322779,-3.7822778,-3.9922779,-4.282278,-4.562278,-4.6822777,-4.4922776,-4.2422776,-3.9922779,-3.8522778,-3.6222777,-3.1322777,-2.652278,-2.3422778,-2.422278,-2.6322777,-2.922278,-2.1222777,-1.4122778,-0.37227783,0.31772217,0.9577222,1.7377222,2.1877222,2.287722,2.1377223,2.4677222,3.1177223,4.347722
7.867722,8.627722,9.177722,9.447722,9.987722,10.407722,10.637722,10.607722,10.127722,9.837722,9.087722,8.907722,10.047722,10.577723,11.057722,10.887722,9.277722,3.3777223,-3.962278,-4.9922776,-3.8822777,-3.932278,-4.232278,-4.1022778,-3.5022779,-3.3922777,-3.5522778,-3.5422778,-3.8222778,-3.8622777,-3.662278,-3.8122778,-3.962278,-4.022278,-3.8722777,-3.662278,-3.5622778,-3.6222777,-3.4922779,-2.952278,-2.662278,-2.2722778,-2.172278,-2.0122778,-1.9122778,-1.8222778,-1.6422778,-1.2022778,-0.5422778,-0.07227783,0.60772216,1.4077221,1.8977221,2.1777222,2.557722,2.3777223,2.4777222,3.837722
7.037722,7.8377223,8.447722,8.907722,9.307722,9.557722,9.767722,9.317722,8.607722,8.197722,8.057722,7.8377223,7.2777224,7.0077224,7.6277223,8.637722,9.067722,9.337722,8.847722,8.397722,6.0877223,0.24772216,-4.462278,-5.1022778,-4.462278,-4.4522777,-4.422278,-4.2622776,-3.902278,-3.3522778,-2.7622778,-2.8622777,-3.2522779,-3.5722778,-3.6022778,-3.412278,-3.3622777,-3.3522778,-3.0922778,-2.7622778,-2.5322778,-2.4922779,-2.3422778,-2.152278,-2.1322777,-2.3222778,-2.0022779,-1.3122778,-0.77227783,-0.032277834,0.56772214,0.9077222,1.5977222,2.3877223,2.797722,3.6977222,3.7577221,4.6477222
5.577722,6.677722,7.687722,8.547722,8.707722,8.677722,8.6177225,8.337722,7.957722,7.497722,7.0077224,6.2977223,5.827722,5.8377223,5.5477223,5.3377223,5.437722,6.0877223,6.597722,7.1477222,7.617722,7.6277223,7.157722,6.597722,3.9977221,-0.34227782,-3.4822779,-4.2422776,-4.4122777,-4.282278,-3.682278,-3.692278,-3.912278,-3.9922779,-4.032278,-4.092278,-4.172278,-3.952278,-3.4922779,-3.2322779,-3.192278,-3.2222779,-3.3322778,-3.1422777,-2.652278,-2.1122777,-1.6522778,-0.9822778,-0.16227783,0.34772217,0.5277222,0.7777222,1.9377222,2.5077221,3.327722,3.547722,4.0677223,4.367722
3.817722,5.227722,6.427722,7.3177223,7.7777224,7.8177223,7.907722,7.7577224,7.2777224,6.907722,6.5677223,5.6077223,4.077722,2.847722,2.587722,4.0677223,4.8777223,5.177722,4.787722,3.6377223,4.0077224,4.6277223,5.207722,5.5277224,5.537722,4.747722,3.8877223,2.8577223,0.7677222,-1.0722778,-2.5622778,-3.2322779,-3.6222777,-3.692278,-3.6322777,-3.672278,-3.5222778,-3.172278,-2.8622777,-2.8822777,-2.9822779,-2.9922779,-2.922278,-2.7622778,-2.3522778,-1.6522778,-0.89227784,-0.28227782,0.21772216,0.43772218,1.2577221,2.0077221,2.097722,2.1777222,3.097722,3.7277222,4.167722,4.4877224
1.7077222,3.3977222,4.937722,5.927722,6.597722,7.0477223,6.997722,6.847722,6.767722,6.557722,6.177722,5.807722,5.197722,4.457722,3.347722,2.2377222,2.1977222,2.847722,3.327722,3.4577222,3.4777222,3.3877223,3.4377222,3.8577223,4.427722,4.7577224,4.947722,5.207722,4.667722,3.1277223,1.3677222,-0.27227783,-1.4322778,-2.212278,-2.6422777,-2.8822777,-2.8322778,-2.7422779,-2.5422778,-2.5922778,-2.7522779,-2.5522778,-2.2822778,-1.7922778,-1.3722779,-0.8522778,-0.5322778,-0.002277832,0.97772217,2.0177221,1.8077222,1.7577221,2.057722,3.3677223,3.9577222,4.2777224,4.3577223,4.6077223
-0.31227782,1.8177222,3.2677221,4.687722,5.707722,5.847722,5.727722,6.0277224,6.437722,6.427722,6.207722,5.667722,4.8377223,3.807722,3.1977222,2.847722,2.6377223,2.4777222,2.557722,2.8877223,3.2677221,3.3777223,3.2477221,3.0277221,3.0277221,3.4877222,4.207722,4.5877223,4.387722,4.217722,3.797722,2.8777223,1.3977221,-0.17227784,-1.0122778,-1.5822778,-1.7222779,-1.8722779,-2.0822778,-2.1322777,-1.9422778,-1.7522779,-1.4022778,-0.87227786,-0.20227784,0.32772216,0.7077222,0.9577222,1.1577221,1.8477222,2.537722,3.327722,3.827722,4.0477223,4.267722,3.9777222,3.4977221,2.9677222
-1.9222778,0.68772215,1.6977222,3.1777222,4.3577223,4.427722,4.807722,5.867722,6.0677223,5.917722,5.6277223,5.0877223,4.387722,3.7177222,3.0177221,2.3577223,1.9977221,1.9577222,2.047722,2.067722,2.1577222,2.547722,2.7577221,2.587722,2.037722,1.8677222,2.4977221,3.327722,3.9477222,3.817722,3.037722,2.537722,2.307722,1.8477222,1.1077222,0.5277222,0.06772217,-0.45227784,-0.74227786,-0.9122778,-1.0222778,-0.9722778,-0.7822778,-0.43227783,-0.32227784,-0.19227783,0.07772217,0.43772218,1.2177222,2.4277222,3.4177222,4.187722,4.427722,4.3577223,4.287722,4.167722,3.6777222,2.847722
-3.6222777,-0.94227785,0.33772218,2.1577222,3.327722,3.837722,4.7377224,5.537722,6.0677223,6.3977222,6.077722,5.717722,5.327722,4.7777224,4.157722,3.4677222,2.8677223,2.3677223,1.9677222,1.6577221,1.6477221,1.7877221,1.9077221,1.8577222,1.6877222,1.2277222,0.98772216,1.5177221,2.1177223,2.3877223,2.2277222,1.6977222,1.0477222,0.55772215,0.24772216,-0.112277836,-0.31227782,-0.30227783,-0.35227785,-0.46227783,-0.58227783,-0.7922778,-0.75227785,-0.46227783,-0.17227784,0.16772217,0.62772214,1.1477221,1.5677222,2.2377222,3.2677221,4.0277224,4.827722,5.0477223,4.8977222,4.117722,3.6077223,2.4277222
-4.2222776,-2.422278,-0.6722778,0.99772215,2.3877223,3.4877222,4.477722,5.2777224,5.927722,6.207722,4.907722,5.8977222,5.7977223,5.347722,5.0477223,4.727722,4.037722,3.347722,2.6677222,1.5377221,0.7877222,0.5177222,0.36772215,0.40772218,0.47772217,0.6377222,0.66772217,0.72772217,1.0277221,1.1477221,0.9577222,0.61772215,0.26772216,-0.052277833,-0.39227784,-0.57227784,-0.63227785,-0.52227783,-0.39227784,-0.50227785,-0.56227785,-0.45227784,-0.29227784,-0.18227783,0.13772216,0.6477222,1.0577222,1.6077222,2.2777221,3.2477221,4.327722,5.137722,5.5877223,5.827722,5.327722,4.537722,3.097722,1.7077222
-4.052278,-2.8522778,-1.9222778,-0.44227782,0.6377222,2.1777222,2.6377223,3.9977221,4.577722,6.017722,6.637722,6.5477223,6.667722,6.517722,4.4877224,4.417722,3.6877222,2.8677223,2.037722,1.2477221,0.8477222,0.10772217,-0.21227783,-0.052277833,0.21772216,0.7177222,0.39772215,0.41772217,0.5777222,0.33772218,-0.012277832,-0.27227783,-0.62227786,-0.99227786,-1.2222779,-1.2022778,-1.2122779,-1.1622778,-1.2522779,-1.2922778,-1.1022779,-0.8022778,-0.30227783,0.11772217,0.35772216,0.72772217,1.4377222,2.6377223,4.0877223,4.2577224,4.6477222,4.827722,5.867722,6.927722,6.687722,4.727722,2.537722,0.8877222
-6.1822777,-4.522278,-2.7322779,-0.9222778,0.29772216,1.7277222,2.6777222,4.187722,5.2777224,5.5677223,7.1277223,6.867722,6.5477223,6.7977223,6.417722,5.3177223,4.457722,3.097722,2.2077222,1.0777222,0.16772217,-0.23227783,-0.30227783,-0.33227783,-0.09227783,0.40772218,0.6477222,0.66772217,0.44772217,0.037722167,-0.62227786,-1.1522778,-1.4722779,-1.5522778,-1.6822778,-1.7122779,-1.6122779,-1.3122778,-1.1422778,-1.2722778,-1.3822778,-1.1922778,-0.8422778,-0.21227783,0.68772215,2.6377223,3.827722,3.8877223,3.6677222,2.837722,2.827722,4.5477223,6.617722,8.517722,9.287723,7.0877223,2.9877222,0.23772217
-6.1022778,-5.172278,-3.3822777,-1.4322778,-0.052277833,1.0177221,2.347722,4.0477223,4.977722,5.557722,6.3177223,7.187722,7.577722,7.787722,7.6277223,6.727722,5.437722,3.557722,1.2877221,-0.36227784,-0.8022778,-0.93227786,-0.74227786,-0.69227785,-0.7322778,-0.50227785,-0.04227783,0.22772217,0.23772217,-0.20227784,-0.74227786,-1.2122779,-1.6822778,-1.9622779,-2.3022778,-2.152278,-2.2722778,-2.2422779,-1.6522778,-1.1822778,-1.0622778,-0.5522778,0.75772214,2.3777223,2.807722,3.037722,3.337722,2.7277222,0.98772216,1.6277221,2.9877222,5.037722,7.167722,8.507722,9.407722,9.887722,7.137722,1.2477221
-5.9122777,-4.4722776,-3.0422778,-1.4722779,-0.15227783,0.62772214,1.5777222,2.3577223,3.827722,4.827722,5.707722,6.867722,7.677722,8.197722,8.337722,8.427722,7.0677223,3.9677222,1.4577222,-0.052277833,-0.99227786,-1.2422779,-1.2022778,-0.9822778,-0.7322778,-0.64227784,-0.57227784,-0.70227784,-0.8622778,-0.9822778,-1.2022778,-1.4622779,-1.8022778,-1.9822779,-2.4822779,-3.2722778,-2.712278,-2.182278,-1.8822778,-1.2422779,0.037722167,1.2977222,1.7677221,2.4177222,2.4177222,2.3577223,1.0677222,0.49772218,2.1577222,2.8677223,3.4777222,4.247722,5.4877224,6.907722,7.767722,7.9877224,7.7377224,7.437722
-5.732278,-4.752278,-3.8122778,-2.3522778,-1.0522778,-0.45227784,0.37772217,1.3177222,2.1777222,2.7077222,4.7777224,5.927722,6.5477223,7.787722,8.457722,8.667722,8.347722,7.617722,5.8977222,1.7977222,-1.0722778,-1.3022778,-1.4522778,-1.6122779,-1.7322779,-1.6822778,-1.4822779,-1.2222779,-1.2722778,-1.5622778,-1.8022778,-2.172278,-2.8122778,-2.6122777,-2.9922779,-3.912278,-3.0622778,-2.0922778,-1.0822778,0.20772217,1.0777222,1.6177222,2.6477222,1.3477222,0.49772218,1.1477221,2.037722,2.797722,3.787722,4.7377224,5.327722,5.7577224,5.807722,6.437722,6.707722,7.187722,7.8377223,8.027722
-5.342278,-4.322278,-3.3422778,-2.902278,-2.152278,-0.51227784,0.6377222,1.2977222,1.8677222,2.577722,3.5177221,4.717722,5.557722,6.1077223,6.947722,7.0277224,7.117722,7.217722,7.3777223,6.387722,3.2577221,-0.8422778,-0.58227783,-0.83227783,-1.9422778,-2.1122777,-2.0122778,-2.202278,-2.3222778,-2.162278,-1.1722778,-2.162278,-1.7322779,-1.6222779,-1.5622778,-1.7422779,-1.5922779,-1.0122778,-0.46227783,0.20772217,1.7477221,2.9377222,3.4277222,2.347722,1.9677222,1.8177222,2.297722,2.8977222,3.4077222,4.477722,5.307722,5.807722,6.2577224,6.787722,6.967722,6.997722,7.597722,7.917722
-4.6822777,-4.192278,-3.8622777,-2.952278,-1.5522778,-0.7122778,-0.032277834,0.8377222,1.5177221,2.6877222,3.4877222,4.3577223,5.367722,6.2377224,6.927722,7.387722,7.937722,8.047722,7.907722,7.117722,5.807722,3.1977222,2.9877222,3.1377223,0.5777222,-1.7222779,0.18772216,0.29772216,-0.20227784,-0.8022778,-0.75227785,-0.40227783,-0.21227783,-0.20227784,-0.26227784,-0.35227785,-0.50227785,-0.26227784,0.36772215,0.8377222,1.2377222,1.6277221,1.7077222,1.4377222,1.3977221,1.6477221,1.9477222,2.567722,3.4177222,4.157722,4.927722,5.5877223,6.637722,7.217722,7.497722,7.8577223,7.617722,7.887722
-5.192278,-4.462278,-3.5722778,-2.432278,-1.9022778,-1.6422778,-0.46227783,0.017722167,0.9577222,2.6777222,3.4677222,3.9177222,4.667722,5.5277224,5.9877224,6.517722,7.1077223,7.2377224,7.367722,7.0677223,5.867722,4.557722,3.547722,2.837722,1.8677222,0.46772218,-0.29227784,-0.20227784,-0.012277832,-0.06227783,-0.13227783,-0.12227783,0.057722166,-0.052277833,-0.5522778,-0.70227784,-0.33227783,-0.032277834,0.40772218,0.75772214,1.1277221,1.4477222,1.6077222,1.4877222,1.1777222,1.2077222,1.7577221,2.4977221,3.2477221,4.057722,4.577722,5.3177223,5.997722,6.827722,7.3777223,7.787722,8.137722,8.307722
-4.632278,-4.172278,-3.672278,-2.8922777,-1.3922778,-0.09227783,0.04772217,-0.57227784,1.3077222,2.7477221,3.3677223,3.577722,4.117722,4.957722,5.477722,5.767722,6.0277224,6.327722,6.217722,5.917722,5.407722,4.3777223,3.3777223,2.597722,1.8977221,1.3077222,0.79772216,0.42772216,0.18772216,0.04772217,0.0077221678,0.017722167,-0.16227783,-0.5322778,-0.69227785,-0.64227784,-0.29227784,0.11772217,0.40772218,0.73772216,1.0577222,1.2577221,1.3677222,1.4177222,1.4277222,1.4477222,1.5877222,1.9377222,2.4577222,2.787722,3.4077222,4.3777223,5.3977222,6.1277223,6.827722,7.447722,8.127722,8.407722
-5.192278,-4.922278,-3.2622778,-2.0922778,-0.93227786,0.097722165,0.06772217,0.56772214,1.3977221,2.1777222,3.1177223,3.4177222,3.3677223,3.9977221,4.637722,5.0877223,5.2977223,5.057722,4.787722,4.467722,4.037722,3.5177221,2.9577222,2.4377222,1.9177222,1.4677222,1.0977222,0.79772216,0.5277222,0.26772216,-0.002277832,-0.28227782,-0.5922778,-0.8022778,-0.82227784,-0.6622778,-0.40227783,-0.04227783,0.38772216,0.8477222,1.3377222,1.7977222,2.1177223,2.2277222,2.077722,1.7677221,1.3877221,0.92772216,0.34772217,-0.30227783,-0.45227784,0.49772218,2.1877222,3.597722,4.7577224,5.0277224,6.467722,7.477722
